[    10     10     10     12     12     12     14     14     13     13
     13     14     15     15     15     20     20     20     50     50
     50    100    100    100    500    500    500   1000   1000   1000
   2000   2000   2000   3000   3000   3000   3000   5000   5000   5000
   8000   8000   8000  10000  10000  10000  15000  15000  15000  20000
  20000  20000  50000  50000  50000 100000 100000 100000]
[2.42442000e-04 2.59641000e-04 2.73477001e-04 2.82788999e-04
 2.72511000e-04 3.34392000e-04 3.35448000e-04 3.29251000e-04
 3.55400000e-04 3.52508000e-04 3.54787000e-04 3.72141000e-04
 3.97098000e-04 4.19190000e-04 4.36753000e-04 6.07255000e-04
 6.45901000e-04 6.73536000e-04 3.46088800e-03 4.06484000e-03
 3.70497400e-03 1.42201290e-02 1.39382500e-02 1.42802470e-02
 3.35279101e-01 3.40241623e-01 3.44218870e-01 1.49657876e+00
 1.43353197e+00 1.48890826e+00 5.49367414e+00 5.45882790e+00
 5.45481956e+00 1.21578574e+01 1.22822031e+01 1.26503555e+01
 1.23393549e+01 3.37361266e+01 3.41511317e+01 3.44987748e+01
 9.28826464e+01 8.82364701e+01 9.01642306e+01 1.42575947e+02
 1.40702232e+02 1.40503014e+02 3.16584916e+02 3.22833885e+02
 3.14054201e+02 5.82822467e+02 5.48936049e+02 5.54038225e+02
 1.65009500e-03 1.51186900e-03 1.46911900e-03 3.01308200e-03
 2.87555700e-03 2.90999500e-03]