[   10    10    10    12    12    12    14    14    13    13    13    14
    15    15    15    20    20    20    50    50    50   100   100   100
   500   500   500  1000  1000  1000  2000  2000  2000  3000  3000  3000
  3000  5000  5000  5000  8000  8000  8000 10000 10000 10000 15000 15000
 15000 20000 20000 20000]
[1.14716000e-04 9.24209999e-05 1.26101000e-04 1.28997999e-04
 1.05674000e-04 1.06045001e-04 1.16309002e-04 1.07213000e-04
 1.19230001e-04 1.19790999e-04 1.17524000e-04 1.27933999e-04
 1.32718000e-04 1.40407999e-04 1.95949000e-04 2.34704999e-04
 2.69116998e-04 2.56468000e-04 1.10712700e-03 1.19355700e-03
 1.21447100e-03 4.82038100e-03 4.88564900e-03 4.83273900e-03
 1.25124359e-01 1.26447537e-01 1.27613615e-01 5.20778169e-01
 5.17104562e-01 5.20962803e-01 2.06691681e+00 2.08786947e+00
 2.08952958e+00 4.68767894e+00 4.86711237e+00 4.76108642e+00
 5.00240178e+00 1.54682242e+01 1.50656577e+01 1.41379107e+01
 3.51408794e+01 3.60430033e+01 3.91080388e+01 5.49303819e+01
 6.31077902e+01 5.84781849e+01 1.39953328e+02 1.33779537e+02
 1.34543865e+02 2.43349670e+02 2.40852602e+02 2.40445654e+02]
