
[ 10  10  10  12  12  12  14  14  13  13  13  14  15  15  15  20  20  20
  50  50  50 100 100 100 500 500 500]
[2.43307000e-04 2.25316002e-04 2.40613001e-04 2.67934000e-04
 2.42433998e-04 2.85158003e-04 3.32613999e-04 3.03135999e-04
 3.26212001e-04 3.23147000e-04 3.14895002e-04 5.40009001e-04
 3.65131000e-04 4.27537998e-04 4.53714001e-04 6.30219998e-04
 6.29140002e-04 6.39129001e-04 3.66936200e-03 5.71497800e-03
 3.75564800e-03 1.67267010e-02 1.45990750e-02 1.63957950e-02
 3.58796371e-01 3.72487679e-01 3.66691062e-01]


[  10   10   10   12   12   12   14   14   13   13   13   14   15   15
   15   20   20   20   50   50   50  100  100  100  500  500  500 1000
 1000 1000 2000]
[1.14292001e-04 1.13894999e-04 9.93970025e-05 1.57967999e-04
 1.71184998e-04 2.08188998e-04 1.99761998e-04 1.30205000e-04
 1.51737000e-04 1.33177000e-04 1.35503000e-04 1.41032000e-04
 1.27536001e-04 1.45802998e-04 1.40229000e-04 2.08704001e-04
 2.21897000e-04 2.36132000e-04 1.18613800e-03 1.34202200e-03
 1.21829700e-03 6.42284500e-03 5.01470900e-03 5.15849500e-03
 1.40769863e-01 1.31573713e-01 1.33256957e-01 5.31382333e-01
 5.33553233e-01 5.32811613e-01 2.10267800e+00]


[  10   10   10   12   12   12   14   14   13   13   13   14   15   15
   15   20   20   20   50   50   50  100  100  100  500  500  500 1000
 1000 1000 2000 2000 2000]
[1.08441000e-04 9.47730005e-05 9.60990001e-05 1.07159001e-04
 9.80360019e-05 1.12442001e-04 1.06648000e-04 1.08020999e-04
 1.83269000e-04 1.21558998e-04 1.40138000e-04 1.26356001e-04
 1.38014999e-04 1.45302998e-04 1.50213000e-04 2.11213999e-04
 2.34208001e-04 2.29806999e-04 1.16462000e-03 1.40798600e-03
 1.24460300e-03 5.04620600e-03 5.44146700e-03 5.56341300e-03
 1.27825478e-01 1.31162508e-01 1.31551422e-01 5.25160382e-01
 5.28878877e-01 5.25927175e-01 2.10536301e+00 2.12788204e+00
 2.16177221e+00]


[  10   10   10   12   12   12   14   14   13   13   13   14   15   15
   15   20   20   20   50   50   50  100  100  100  500  500  500 1000
 1000]
[1.12378999e-04 9.81909980e-05 9.80179975e-05 1.00713998e-04
 9.77939999e-05 1.01328002e-04 1.06534997e-04 1.09160999e-04
 1.53228997e-04 1.31615998e-04 1.31721001e-04 1.43227997e-04
 1.57863000e-04 1.52680001e-04 1.42421999e-04 2.08753001e-04
 2.31800001e-04 2.26380002e-04 1.11399100e-03 1.19567200e-03
 1.25345400e-03 4.65688200e-03 5.14233300e-03 4.81792200e-03
 1.27473019e-01 1.26915460e-01 1.28368234e-01 5.18085268e-01
 5.14670352e-01]


[ 10  10  10  12  12  12  14  14  13  13  13  14  15  15  15  20  20  20
  50  50  50 100 100 100 500 500 500]
[2.27804001e-04 2.31619997e-04 3.33997999e-04 2.49423003e-04
 2.47602002e-04 3.17604001e-04 3.55808999e-04 3.47322002e-04
 3.52532999e-04 3.14899000e-04 3.82450999e-04 4.16932002e-04
 3.89194003e-04 3.82761998e-04 5.54257000e-04 6.31382001e-04
 6.63215000e-04 6.59260997e-04 3.57004100e-03 4.63078800e-03
 3.96604100e-03 1.61047100e-02 1.53501440e-02 1.62096170e-02
 3.67123281e-01 3.60929716e-01 3.62047263e-01]


[   10    10    10    12    12    12    14    14    13    13    13    14
    15    15    15    20    20    20    50    50    50   100   100   100
   500   500   500  1000  1000  1000  2000  2000  2000  3000  3000  3000
  3000  5000  5000  5000  8000  8000  8000 10000 10000 10000 15000 15000
 15000 20000 20000 20000]
[1.14716000e-04 9.24209999e-05 1.26101000e-04 1.28997999e-04
 1.05674000e-04 1.06045001e-04 1.16309002e-04 1.07213000e-04
 1.19230001e-04 1.19790999e-04 1.17524000e-04 1.27933999e-04
 1.32718000e-04 1.40407999e-04 1.95949000e-04 2.34704999e-04
 2.69116998e-04 2.56468000e-04 1.10712700e-03 1.19355700e-03
 1.21447100e-03 4.82038100e-03 4.88564900e-03 4.83273900e-03
 1.25124359e-01 1.26447537e-01 1.27613615e-01 5.20778169e-01
 5.17104562e-01 5.20962803e-01 2.06691681e+00 2.08786947e+00
 2.08952958e+00 4.68767894e+00 4.86711237e+00 4.76108642e+00
 5.00240178e+00 1.54682242e+01 1.50656577e+01 1.41379107e+01
 3.51408794e+01 3.60430033e+01 3.91080388e+01 5.49303819e+01
 6.31077902e+01 5.84781849e+01 1.39953328e+02 1.33779537e+02
 1.34543865e+02 2.43349670e+02 2.40852602e+02 2.40445654e+02]

